       0        0        0        1        1        1        1        1        1        0        0        0
       1       -1       -1        0        1       -1        0       -1       -1        1        0       -1
     0.8        1       -1        0        0        1      0.2        0       -1        1        1        0
     0.5      0.8        1        0        0        0      0.5      0.2        0        1        1        1
       0      0.5      0.8      0.2        0        0        1      0.5      0.2      0.8        1        1
    0.04        0      0.5      0.5      0.2        0     0.96        1      0.5      0.5      0.8        1
    0.16     0.04        0     0.84      0.5      0.2     0.84     0.96        1     0.16      0.5      0.8
   0.418     0.16     0.04    0.582     0.84      0.5    0.582     0.84     0.96    0.418     0.16      0.5
  0.6184    0.418     0.16   0.3816    0.582     0.84   0.3816    0.582     0.84   0.6184    0.418     0.16
 0.67092   0.6184    0.418  0.32908   0.3816    0.582  0.32908   0.3816    0.582  0.67092   0.6184    0.418
0.471296  0.67092   0.6184  0.32908  0.32908   0.3816 0.528704  0.32908   0.3816  0.67092  0.67092   0.6184
 0.35534 0.471296  0.67092  0.32908  0.32908  0.32908  0.64466 0.528704  0.32908  0.67092  0.67092  0.67092
 0.32908  0.35534 0.471296 0.528704  0.32908  0.32908  0.67092  0.64466 0.528704 0.471296  0.67092  0.67092
0.369005  0.32908  0.35534 0.630995 0.528704  0.32908 0.630995  0.67092  0.64466 0.369005 0.471296  0.67092
 0.44935 0.369005  0.32908  0.55065 0.630995 0.528704  0.55065 0.630995  0.67092  0.44935 0.369005 0.471296
0.563781  0.44935 0.369005  0.43622  0.55065 0.630995  0.43622  0.55065 0.630995 0.563781  0.44935 0.369005
0.567936 0.563781  0.44935 0.432064  0.43622  0.55065 0.432064  0.43622  0.55065 0.567936 0.563781  0.44935
0.492603 0.567936 0.563781 0.432064 0.432064  0.43622 0.507397 0.432064  0.43622 0.567936 0.567936 0.563781
0.434142 0.492603 0.567936 0.432064 0.432064 0.432064 0.565858 0.507397 0.432064 0.567936 0.567936 0.567936
0.432064 0.434142 0.492603 0.507397 0.432064 0.432064 0.567936 0.565858 0.507397 0.492603 0.567936 0.567936
 0.44713 0.432064 0.434142  0.55287 0.507397 0.432064  0.55287 0.567936 0.565858  0.44713 0.492603 0.567936
0.478825  0.44713 0.432064 0.521175  0.55287 0.507397 0.521175  0.55287 0.567936 0.478825  0.44713 0.492603